x                  =  0.500000E+00
a                  =  0.300000E+01

Fortran ln(x + a)  =  0.125276E+01

Error              =  0.119209E-06
ln(x + a)          =  0.125276E+01
